984
984
984
984
984
984
984
984
986
989
986
983
982
984
985
982
978
977
975
977
978
978
975
970
972
976
979
980
979
979
979
979
980
977
972
972
972
972
973
973
972
972
971
974
976
973
971
968
972
973
974
975
974
973
975
976
974
975
971
970
974
974
975
974
973
973
976
975
971
972
970
968
968
971
971
972
971
973
975
978
978
977
978
977
981
986
989
989
985
979
979
979
978
981
979
979
983
991
997
997
995
991
990
990
987
983
979
978
985
993
1000
1010
1023
1067
1139
1193
1184
1129
1079
1060
1063
1070
1075
1080
1081
1084
1088
1092
1095
1093
1090
1088
1092
1100
1104
1106
1103
1097
1091
1086
1076
1063
1049
1034
1017
998
974
953
940
937
945
948
946
943
936
931
930
932
937
940
943
948
956
962
965
963
962
960
960
962
962
963
966
966
971
972
976
975
976
977
981
984
985
983
981
984
984
986
986
986
987
985
987
989
991
990
990
992
994
996
997
997
994
994
996
998
1000
1000
1001
1001
1004
1006
1007
1008
1006
1006
1008
1012
1012
1014
1015
1010
1013
1013
1016
1016
1015
1014
1014
1014
1014
1014
1014
1011
1011
1011
1010
1010
1006
1003
1003
1003
1002
1002
996
994
994
993
994
993
987
987
988
987
989
986
983
979
980
983
984
981
979
979
978
978
979
979
978
976
975
978
977
978
975
974
978
977
978
977
974
975
975
977
976
978
977
975
977
978
979
980
980
977
978
980
983
979
978
978
978
981
981
980
977
976
977
978
979
978
974
973
975
976
976
976
973
973
972
975
975
974
971
969
970
974
973
970
969
967
967
971
969
969
968
966
969
969
971
969
966
963
964
966
967
967
965
963
966
965
969
969
963
965
964
967
968
966
963
964
963
966
965
966
963
962
962
966
966
964
965
963
964
965
966
966
965
964
967
968
967
969
963
965
966
967
968
967
964
963
963
966
966
968
967
967
969
970
972
972
973
973
978
986
993
1004
1026
1072
1150
1207
1201
1143
1088
1064
1062
1066
1065
1066
1063
1062
1064
1069
1070
1068
1065
1061
1063
1060
1059
1055
1047
1038
1033
1024
1016
1003
993
981
968
954
943
934
936
946
958
967
968
963
959
951
952
954
957
962
966
966
966
962
960
957
956
955
953
957
957
957
956
955
